country	strain	DALY.lo	DALY.mid	DALY.hi	cases.lo	cases.mid	cases.hi	deaths.lo	deaths.mid	deaths.hi
Austria	ColRACI	3.26684696936396	7.39583126230117	12.0717893479799	1.96920316036672	3.32035538782099	4.67487819834816	0.115274214299049	0.297047844015064	0.502788276632739
Austria	CRACI	85.5993578397772	116.456557021592	156.192567516974	16.5263752386562	19.9574104843264	23.5350833050292	1.25127454501203	1.71342765892404	2.25277527420658
Austria	MDRACI	0	0	0	0	0	0	0	0	0
Austria	VRE	108.489682816636	146.219341639602	195.173078230504	60.2237980165321	85.5784978390205	112.37899472239	4.16528910017428	5.66977114343169	7.38168275024582
Austria	ColREC	2.10753169187085	4.05100051649541	6.64334745201329	5.15454745280057	8.75641273814624	12.3176882237501	0.389864655360801	0.763636932914779	1.25784626719488
Austria	CREC	5.87407656013488	10.9754255541742	17.7559245469343	5.11279182427314	8.6479169161019	12.2974348523209	0.248246117169228	0.478857397471869	0.783217884478766
Austria	3GCREC	2249.76969493276	2507.7559657701	2766.54837654863	3491.07024967861	3928.68837467026	4388.11697976525	106.215401889009	121.048651422077	136.75492862695
Austria	ColRKP	31.1000759277862	45.252991207892	62.9236466854058	6.58590323835638	9.79385921297865	13.0667701767279	1.48529508607851	2.18509155297773	3.05199092330628
Austria	CRKP	54.3858916829759	76.1721629564766	101.288375248859	16.7702738606108	22.8205244023337	29.0015262713328	2.28102209430789	3.0786620834667	3.9800030187478
Austria	3GCRKP	514.854607838541	556.263414144967	598.94194481164	312.240366051561	347.035326392812	382.119034261417	17.3228049668084	18.8693325069391	20.4633841985679
Austria	ColRPA	5.81823680261146	14.3316603180171	27.3824236357077	4.19953167803834	8.57365513877696	13.0105230173026	0.19581552204211	0.563286213154528	1.14847038092918
Austria	CRPA	1322.88620753834	1610.21062124907	1916.58544127134	609.347798264717	709.850484666348	805.795512417237	38.4175279252306	48.2212806475085	59.1499156714019
Austria	MDRPA	18.8825144375436	31.3965134270427	46.2403704199675	17.8479504688167	25.5815182886848	33.6504276110687	0.923271971252941	1.6600029568281	2.53691502808352
Austria	MRSA	1262.97523790442	1365.34233070946	1463.24634848237	1273.64061761452	1397.96487829281	1525.10165379618	62.184874549422	67.6335527166361	72.9149352800115
Austria	PRSP	30.6685012575893	35.5313867075661	42.1847462710144	19.4648235834351	22.8854471627566	27.2589844267487	1.21802270236298	1.4041078218003	1.63077292071924
Austria	PMRSP	95.4602006216868	109.15542109322	128.050253815193	30.3297680831944	34.4112744952468	40.1510376068983	1.88616046618928	2.11053003173443	2.36383775577494
Austria	total	5792.13866482204	6636.51062357798	7541.22863428453	5870.48399821449	6633.86593608843	7422.476528652	238.300145804719	275.69723892988	316.173464257251
Belgium	ColRACI	29.5160676696001	65.2457780538275	108.572476595339	22.5620661989915	37.091852060049	53.1853867110506	1.29652201607851	3.30335464425897	5.73191837135423
Belgium	CRACI	0	0	0	0	0	0	0	0	0
Belgium	MDRACI	0	0	0	0	0	0	0	0	0
Belgium	VRE	41.9413310544108	69.483468637684	107.225688926909	21.5944409332706	42.4514908069294	65.6831036241512	1.63504757470671	2.72330423656548	4.20294821235778
Belgium	ColREC	502.335335363079	668.464979021812	850.345629817656	247.148796582744	294.840417851686	341.819472470385	20.0109840103835	25.829448170632	31.3910639643488
Belgium	CREC	0	0	0	0	0	0	0	0	0
Belgium	3GCREC	4606.63389140442	5127.83906510018	5662.91500615963	6950.7881399847	7814.03791887141	8677.86267032953	210.615077840497	240.271787238493	272.390580740134
Belgium	ColRKP	215.75424632302	304.340631132411	410.600633636538	56.3585937360613	76.8797999475778	98.0311731004745	12.4993107228134	17.1049926944343	22.9900676931124
Belgium	CRKP	82.3071099721692	130.266085670967	194.794266610944	15.7209808659996	25.5095955573076	35.6880141999314	2.17525555628291	3.43764731291281	4.99922388208349
Belgium	3GCRKP	1275.21700958019	1395.273568815	1510.53690072813	1130.99597946901	1271.8118962179	1415.43627703361	63.3363171026752	69.5706961849753	75.7686014562377
Belgium	ColRPA	21.6073063065372	54.187417253024	102.675966712032	15.8654922809121	31.8599820195555	48.658999658398	0.745891000025551	2.14213381365083	4.29061140833286
Belgium	CRPA	362.037976639241	550.012282805707	785.943466148675	243.671068931289	322.38717293278	399.248883252185	14.3652434673297	21.8106820836544	31.1534169760139
Belgium	MDRPA	115.556252155875	207.889871027624	325.186253258519	86.3928094710813	127.624502050442	170.627824240082	4.32452504156432	7.991017781079	12.5416941763632
Belgium	MRSA	3145.59218827933	3364.92311946004	3593.65921774534	2554.81489560128	2800.31488775817	3044.60517478611	122.151748549569	132.941363103091	144.02048219549
Belgium	PRSP	53.719823239404	60.7987605913572	70.3798469298857	25.7424644594387	29.525841920761	34.9927987673788	1.61404214244843	1.82338703199471	2.08462587288451
Belgium	PMRSP	61.6900524980601	71.6399331513669	86.5574713882494	15.0386195140332	17.5843652575559	21.8225377478753	0.928282166816512	1.08584727757035	1.29713944129212
Belgium	total	10513.9085904853	12070.364960721	13809.3928246578	11386.6943480288	12891.9197232521	14407.6623159212	455.69824719119	530.035661573312	612.862374390005
Bulgaria	ColRACI	0	0	0	0	0	0	0	0	0
Bulgaria	CRACI	3071.27884185817	3666.11245019262	4295.22103172143	887.300314705476	1001.34108796465	1111.02329861076	72.3387055615178	86.9528185887378	102.941833477853
Bulgaria	MDRACI	170.76636411797	233.970080650597	297.954588265016	69.1155255382168	83.3213621407731	97.7051143215386	5.09860448003983	7.14636316777242	9.1517351891857
Bulgaria	VRE	188.234782485021	261.29164908222	349.322834459623	73.7782473139582	107.434823760938	142.629147859641	4.83420569652124	6.69453100199362	8.81024650921319
Bulgaria	ColREC	0	0	0	0	0	0	0	0	0
Bulgaria	CREC	0	0	0	0	0	0	0	0	0
Bulgaria	3GCREC	1359.33502460118	1568.36182837515	1791.68418582274	1789.47117976218	2052.35393383835	2320.28021050256	53.3728311897057	62.0533172254705	71.3711209344674
Bulgaria	ColRKP	0	0	0	0	0	0	0	0	0
Bulgaria	CRKP	91.6349971770049	156.213413833408	245.402022065556	12.280410647915	20.5779528032326	29.1769147160264	1.68127654251299	2.72759969650463	4.10436228343567
Bulgaria	3GCRKP	2285.90773405827	2525.80475101055	2806.038176119	832.198725400491	935.352512981828	1039.61681927744	45.8257977806134	49.9654340968755	54.7050650730563
Bulgaria	ColRPA	0	0	0	0	0	0	0	0	0
Bulgaria	CRPA	771.643446294104	1028.08118139219	1341.58525187848	306.48457286782	375.144374035299	445.335814391152	18.1469394348512	25.16402290764	32.9531545252397
Bulgaria	MDRPA	56.732429557275	103.634041382867	170.094858220954	33.366606333547	53.4563325521099	74.7065829608099	1.67008874530496	3.33962887182721	5.52235680819524
Bulgaria	MRSA	1008.13491872898	1088.31534403596	1176.84582070009	554.120113412851	602.769135455405	654.780887472652	24.9854236738912	26.9468614154715	28.9780268549735
Bulgaria	PRSP	241.822137713946	280.98446614852	336.325720220972	60.5905733628433	71.1697218897539	85.8482866561752	3.81338241440377	4.36675531864	5.10301288122167
Bulgaria	PMRSP	212.257624025119	247.521283193313	301.176865640594	60.4679875203519	71.266322555767	86.610179137256	3.78729019547086	4.36401763147741	5.14282682795187
Bulgaria	total	9457.74830061704	11160.2904892974	13111.6513551144	4679.17425686565	5374.1875599781	6087.71325590601	235.554545714833	279.721349922411	328.783741364793
Cyprus	ColRACI	17.8623954854704	29.7431929043638	43.4570152994447	5.42039012203556	7.04334517278103	8.85964097878349	0.386515023486793	0.603663983830059	0.874469332762185
Cyprus	CRACI	427.323189627328	569.185106800658	749.740910765926	146.201657188939	166.595587479082	188.039297919649	11.6213736253524	14.6032050022199	17.7135240008261
Cyprus	MDRACI	9.32672512673122	20.6540985622157	34.9521396954803	2.08651624928437	3.54541411497108	5.14684958157532	0.115177325060611	0.292516666438261	0.516935444948404
Cyprus	VRE	65.9202323306999	92.3956012772494	127.491911011254	33.3220047051457	48.6719838120094	65.2407516770067	2.39625699371615	3.29305658184234	4.39696102561274
Cyprus	ColREC	0	0	0	0	0	0	0	0	0
Cyprus	CREC	0	0	0	0	0	0	0	0	0
Cyprus	3GCREC	157.420014533123	180.186762290473	206.540803608223	268.658287473766	309.493665558436	350.24119785763	8.22980264737708	9.50696106021724	10.9442500147461
Cyprus	ColRKP	63.4882933300993	106.03492133288	162.405146126274	4.29456983279823	7.02497759544929	9.88133424519801	0.914876023133702	1.55167107212282	2.35644050964413
Cyprus	CRKP	55.4314108942286	73.8360219195027	96.6182079751145	18.5443968066831	24.4064268569834	30.6696300929794	2.47134792337805	3.2569631456688	4.21853963711428
Cyprus	3GCRKP	85.1916302853343	95.8159451354257	106.239705788989	71.6645588092948	83.0993289256437	94.1244213406401	4.03748384055912	4.55058108371473	5.07714144366299
Cyprus	ColRPA	6.42675467905844	15.3926549430356	29.1687098285589	4.42378959910582	9.15934597053079	14.0545972819146	0.221019481836274	0.609629896848883	1.22561524047776
Cyprus	CRPA	189.461214842853	263.420038875027	348.195285780974	66.0768338167776	82.0886863635509	98.436490197716	3.85811483179056	5.51353062941706	7.37227394350536
Cyprus	MDRPA	0	0	0	0	0	0	0	0	0
Cyprus	MRSA	433.942604422424	474.765274303157	518.261867846447	394.244062271629	439.060285710501	483.949775032692	19.2957913859518	21.1001832520437	23.1478315162155
Cyprus	PRSP	31.4744427146503	36.1587547891811	43.8517380595217	10.4677722393013	12.0810417806235	15.170053846532	0.649574466849577	0.743861601222823	0.880995399838067
Cyprus	PMRSP	0	0	0	0	0	0	0	0	0
Cyprus	total	1543.268908272	1957.58837313317	2466.92344178621	1025.40483911476	1192.27008934056	1363.81404005232	54.197333568492	65.6258239755866	78.7249775093536
Czech Republic	ColRACI	22.3708617813378	32.8459262392591	45.1801988053142	11.043171862313	14.1471054050289	17.2849710415233	0.821242228723939	1.22817793025535	1.6984874364732
Czech Republic	CRACI	17.7224650276041	32.2598372547084	49.5751042898733	5.02462667991192	7.03426759133326	9.13998565003998	0.313438438347663	0.613262703707554	0.947704276485383
Czech Republic	MDRACI	23.9584795522415	38.8087246598647	56.4526261767978	8.02627873017709	10.592886237842	13.2417367249979	0.527466420813805	0.890225295250001	1.31850775782886
Czech Republic	VRE	289.581135927371	349.426585454717	418.517604578856	160.982731469034	199.471555979664	238.915428512334	11.037557968642	13.2900991437228	15.8960174376085
Czech Republic	ColREC	0	0	0	0	0	0	0	0	0
Czech Republic	CREC	0	0	0	0	0	0	0	0	0
Czech Republic	3GCREC	2069.12762651762	2316.46439007433	2584.17009017999	3574.16034448423	4042.97953935933	4526.24500705194	110.710427747501	125.979969736295	143.284140699932
Czech Republic	ColRKP	215.969304091818	266.95870207455	321.077372150082	42.9878922634773	51.9226066866902	61.4249744386685	9.50430830638321	11.694733200758	14.2006193439098
Czech Republic	CRKP	31.5029749574393	46.307407544821	64.0826855043713	7.00366192309032	10.3759197962119	13.7957718020139	0.976049072320866	1.39102085517673	1.93863577612195
Czech Republic	3GCRKP	4663.51118589816	4973.74964418147	5310.58246835911	3152.20631652049	3462.27151251843	3769.54767200403	175.895710224554	188.904237915606	203.087897060558
Czech Republic	ColRPA	7.93895945838825	15.9718777648626	26.9546823863471	11.5584870465405	18.1155866420737	25.0843584215041	0.579135374319209	1.22766740319349	2.07778922797458
Czech Republic	CRPA	647.219895080811	789.314544908308	958.992897785689	381.795520775988	444.027634073399	508.507495767939	24.0068783111958	30.306372239804	37.6752799286064
Czech Republic	MDRPA	558.632704113023	692.444084650007	833.326481809414	364.934317000367	425.263854247824	487.277320419604	21.3700410793511	27.4179289683496	33.8914622373717
Czech Republic	MRSA	1781.84607325941	1915.62437671625	2050.06343788167	1604.66564148166	1751.85378766493	1899.11631582678	77.1296380104486	83.1440934038698	89.4687969419777
Czech Republic	PRSP	0	0	0	0	0	0	0	0	0
Czech Republic	PMRSP	0	0	0	0	0	0	0	0	0
Czech Republic	total	10329.3816656652	11470.1761015232	12718.9756499075	9324.38899023727	10438.0562562028	11569.5810376614	432.871893182601	486.087788795988	545.485338124847
Germany	ColRACI	31.894271302381	56.3973305563896	91.6196127582074	26.1256127134784	37.6246685881214	50.2332391732965	1.90217482636236	3.30011282130642	5.04399508151832
Germany	CRACI	402.807512551162	516.359312006104	641.249079554443	233.112342346248	277.529782541172	324.741193275057	18.758115057832	24.1380057075888	30.6394859290275
Germany	MDRACI	49.3226900760344	89.1038944625546	144.725869416883	25.7143971997877	37.7578070827124	50.8620170127577	1.87527701275495	3.23040285987714	4.92247709095362
Germany	VRE	4158.96278595077	4986.88283373757	5888.96456796817	2483.1803880934	3088.58665511055	3700.07558454449	167.767008594865	205.461337161275	245.730635960875
Germany	ColREC	1016.49772514037	1301.06076146352	1612.51541467834	725.792121581752	891.641091011207	1070.49723917429	60.1112754207754	78.0799545147403	97.1763869889292
Germany	CREC	58.6329773858775	89.7865171522452	133.412090902261	66.1845371155341	98.9985915904748	131.54783348799	3.47291367234255	5.28399036833906	7.6017145002034
Germany	3GCREC	14804.0412942459	16833.1170359382	19020.6953493656	24000.6089739684	28391.8891887035	32720.217313633	734.977597227152	867.922696485136	1011.36948673453
Germany	ColRKP	518.542288931681	683.573616661796	892.263343698267	95.2740412334663	125.610509581494	155.889281266513	21.1039998899395	27.4946570539319	35.0006467880016
Germany	CRKP	61.995845342472	107.124890344819	185.218900472102	15.1626615578697	25.0715196690396	36.3045582207597	2.07078702714757	3.27040480614482	4.96788840417008
Germany	3GCRKP	2731.20347580576	2997.71685371132	3313.55683308716	2115.43457093639	2470.15665239624	2859.42381230586	118.585705021757	133.567442936021	151.709702832337
Germany	ColRPA	0	0	0	0	0	0	0	0	0
Germany	CRPA	7424.97431306697	9118.69028268664	10970.1327566039	3872.68751720275	4628.23665168069	5387.34406094674	241.229183997475	310.731592616695	389.361580550295
Germany	MDRPA	624.036720323534	817.30444436239	1048.41806616981	396.24717252153	490.568659177941	592.886604099943	22.6045979751039	31.2233899083825	40.1371597823939
Germany	MRSA	12322.1464494115	13757.789204744	15186.1946727817	11864.558650758	13683.4931014648	15409.1817284349	576.656155970106	653.415809087632	732.982925654935
Germany	PRSP	87.0428840843117	112.946920640502	158.615928473965	50.0987350114016	64.9850627283988	86.5983995832852	3.22035264608395	3.94517004839827	4.90208242903457
Germany	PMRSP	595.767563406697	713.542952764359	875.952272826416	163.601623140566	196.64748486393	232.909719679865	10.2938575303007	11.8138168066912	13.5351600377396
Germany	total	44887.8687970254	52181.3968512324	60163.5347587572	46133.7833453805	54508.7974261903	62808.7125848388	1984.62900187	2362.87878318216	2775.08132876494
Denmark	ColRACI	0	0	0	0	0	0	0	0	0
Denmark	CRACI	17.2012663110459	27.6615593386883	39.5072259784792	6.75128977230782	8.95421336592896	11.2960614235125	0.456946588815769	0.775268232122307	1.1260113352023
Denmark	MDRACI	0	0	0	0	0	0	0	0	0
Denmark	VRE	165.060331551229	207.859958579251	259.661363663251	87.5393925312404	117.977484163212	148.867430942919	6.09325773844458	7.82647871800421	9.87176783140577
Denmark	ColREC	0	0	0	0	0	0	0	0	0
Denmark	CREC	11.8158155906876	22.1831406956684	33.874654834223	4.59395276511219	7.89696546238789	11.0654952394319	0.212798767539621	0.414593788601453	0.641189423589065
Denmark	3GCREC	1544.10560125477	1735.96978426371	1943.38491168832	2247.33789918026	2549.70516339232	2837.54882853756	68.2592232074411	77.7264691183583	88.7226468892667
Denmark	ColRKP	0	0	0	0	0	0	0	0	0
Denmark	CRKP	0	0	0	0	0	0	0	0	0
Denmark	3GCRKP	321.350521227467	349.032611653245	378.629017830847	252.263308944383	280.888028233628	309.772428463007	14.011512623169	15.3051359571737	16.6647148606393
Denmark	ColRPA	0	0	0	0	0	0	0	0	0
Denmark	CRPA	266.923854111458	344.821045081629	432.706204730849	130.213037343366	154.078012229127	178.165649514577	7.91357284747943	10.4735485529948	13.1278134927098
Denmark	MDRPA	10.1260956222441	20.319919119505	34.8819424191048	9.78612755057782	15.476914400937	21.109067650319	0.472762639093995	0.971482636951828	1.55205042127863
Denmark	MRSA	182.773114794285	201.008964824664	220.100128662444	161.56739008541	180.095614923147	198.314995534758	7.72165976834044	8.46588320910789	9.24607535071661
Denmark	PRSP	20.9001291150976	24.6138715743479	29.6283724134553	13.046453646113	15.3909460227838	18.7195905718974	0.813571993410221	0.946447683121731	1.11401054506326
Denmark	PMRSP	24.4398771718129	28.4378648439373	33.8795682295543	17.6383278839796	20.4891254591299	24.6982844209182	1.10018071127108	1.2598857199101	1.46545409026097
Denmark	total	2564.6966067501	2961.90871997464	3406.25339045053	2930.73717970275	3350.9524676526	3759.5578322989	107.055486885005	124.165193616346	143.531734240133
Estonia	ColRACI	5.41763852360817	11.9129372438268	19.8344655338507	1.78992421516596	3.00087085625168	4.25158042360897	0.101077781099941	0.25344483742081	0.44173743246927
Estonia	CRACI	9.8581958953487	19.064141028727	30.1589155755041	4.18895366336599	5.96946335317931	7.76756460793196	0.268749299837376	0.522191378156151	0.798969065336426
Estonia	MDRACI	0	0	0	0	0	0	0	0	0
Estonia	VRE	0	0	0	0	0	0	0	0	0
Estonia	ColREC	0	0	0	0	0	0	0	0	0
Estonia	CREC	0	0	0	0	0	0	0	0	0
Estonia	3GCREC	101.37074527138	118.484257202209	137.732778784048	180.713488722345	208.681101823541	237.750487163406	5.52041504327108	6.39725133686667	7.4018712293852
Estonia	ColRKP	0	0	0	0	0	0	0	0	0
Estonia	CRKP	0	0	0	0	0	0	0	0	0
Estonia	3GCRKP	109.825409411511	120.50937560706	132.147461916567	76.1192357536016	85.9174873870218	96.0654687262099	4.23858862523788	4.66370348006251	5.11050480467202
Estonia	ColRPA	0	0	0	0	0	0	0	0	0
Estonia	CRPA	19.3074533735419	36.0789920128249	59.1100663331612	9.63187946832088	15.3724404258162	21.1560455624466	0.477327326754342	0.996799861306266	1.68759714446615
Estonia	MDRPA	0	0	0	0	0	0	0	0	0
Estonia	MRSA	35.1964137761923	40.1049822508666	45.2096792411662	31.0645426647469	35.9640430559837	40.9612249375596	1.50541000607051	1.70720488524503	1.918412821078
Estonia	PRSP	14.3710612824627	17.9103590448199	24.4671945275092	4.04311166688522	5.04152412069717	7.21462138161657	0.24989816325358	0.312297475293608	0.415073584661357
Estonia	PMRSP	1.65939649430813	2.06320131148584	2.78650232217407	4.04490689843465	4.96826315157943	7.15283328277352	0.250077330201886	0.309760187301622	0.413943119175445
Estonia	total	297.006314028353	366.128245701821	451.447064233981	311.596043052866	364.91519417407	422.319826085553	12.6115435757266	15.1626534416527	18.1881092012439
Greece	ColRACI	1018.478753206	1215.89413335537	1431.17897633954	345.623812413047	389.632795310251	436.057961030428	27.2661357620406	34.0195985881008	40.7201751092258
Greece	CRACI	9613.21175971839	11169.6554644066	12536.0065210817	3800.83504669712	4215.17544921781	4606.35822779664	310.165951426551	371.20502126117	430.104938718231
Greece	MDRACI	101.241681348089	120.120605345677	138.871497743263	44.4937071749479	49.8873962601894	55.233389307087	3.56150339930147	4.31559213574382	5.09306300555701
Greece	VRE	1002.45016251723	1155.15834552058	1331.12261504339	545.964811948337	655.432822423957	770.84825922639	37.0234239700904	43.6974161457911	51.6085644561239
Greece	ColREC	125.431646903525	143.157901715104	161.590266480009	69.1126279642317	78.3888914750577	87.5352757113866	5.77942916294776	6.85490161225079	8.03811400805473
Greece	CREC	246.580442761206	300.583075649753	368.192775910889	138.143083025221	156.698320266313	175.863043844581	7.1343251446618	8.44422559026537	9.86997251736311
Greece	3GCREC	1606.9590432225	1787.34106310271	1983.88368519316	2499.83424448802	2829.90930774656	3136.02505825798	75.8446392760381	86.7766090848631	98.633793903112
Greece	ColRKP	6318.29833168805	7324.16797777799	8377.89829429116	1050.1540723833	1211.56692826785	1371.29920620615	233.500277317165	271.397840480199	314.39811230605
Greece	CRKP	9557.8936054516	10790.4561664897	12058.574027552	2538.98845820103	2883.22598857769	3250.18865666981	342.244913711837	391.684097441832	444.040136999596
Greece	3GCRKP	1107.36835986384	1180.72164433934	1259.87002248424	618.233678561678	677.196512614726	734.216370491659	34.2940279429057	36.754909472729	39.381878563255
Greece	ColRPA	164.366853335436	206.02720917223	250.126096357696	78.5819106764161	93.5844007703247	108.242459656961	5.05458515968888	6.5893628291904	8.08564381043727
Greece	CRPA	7437.70990911869	8707.90364327008	10095.8405339587	2880.37911192141	3241.78831070828	3581.89559907874	220.151698667509	267.869620350029	318.314631257841
Greece	MDRPA	165.470513136844	197.075214053832	231.521833649838	102.039542366487	118.69857001852	134.817573016671	6.01952318962431	7.56850604825327	9.30374898481251
Greece	MRSA	1912.17490911172	2097.94300616635	2297.85977993075	1644.50966010749	1870.72086619409	2121.85531578211	78.7981094285361	88.363182673085	98.5844232016726
Greece	PRSP	0	0	0	0	0	0	0	0	0
Greece	PMRSP	0	0	0	0	0	0	0	0	0
Greece	total	40377.6359713831	46396.2054503653	52522.5369260164	16356.8937679287	18471.9065598516	20570.4363960766	1386.8385435589	1625.5408837135	1876.17719684133
Spain	ColRACI	22.8624897916737	53.2728701420777	92.7403826968948	5.39768249042502	9.75757937675483	14.8126618754945	0.316810743631105	0.823713203540995	1.50002767129716
Spain	CRACI	1055.15018097019	1329.95630596568	1595.48408662604	424.899672422901	493.972278695388	566.391857578844	33.7044217174841	43.1120969640137	53.2071288533623
Spain	MDRACI	70.9255145009826	98.1068467614737	129.243269922565	55.0307241519428	69.3376241780411	84.8378225882143	4.30614805926249	6.01710257125154	7.98263631610282
Spain	VRE	280.074457971779	380.615371193249	504.320420919725	188.352035393287	258.582541502212	332.473665476178	13.3091954821915	17.4474860333417	22.0829828117384
Spain	ColREC	411.081669083323	540.472134564512	685.047765271226	275.832950621786	335.661044917065	397.328494927657	22.8877115478603	29.2744665421278	35.9533751636529
Spain	CREC	22.4339502538948	42.7463665183525	71.9620535737243	13.7280915856441	25.6821868760006	38.5308805214993	0.679425762001686	1.3079908275944	2.20638512872339
Spain	3GCREC	9324.17147394677	10432.1143145313	11648.6168596896	15795.3302313776	18425.7893696258	21045.1778038075	491.109555275581	567.698813460453	656.869094232697
Spain	ColRKP	182.328610950374	265.478529310639	375.04117098444	26.9371952307696	38.8841408910125	51.8047851682576	6.02966188185699	8.58408287849038	11.9771920464847
Spain	CRKP	1068.9932601203	1296.15194805617	1573.53886262944	240.615494602618	292.516807011536	347.453783663037	32.5383532440677	39.3170734883506	46.6762165273514
Spain	3GCRKP	5138.0975247664	5612.46800111502	6086.27804890071	3114.62070104348	3488.68136029358	3873.67040623771	172.692685929363	188.710053874708	205.745657746163
Spain	ColRPA	235.459513368004	363.73921948979	516.209250177687	95.3479743572332	128.485423857759	162.136942046985	5.214668322287	8.44113047140974	12.2699165777788
Spain	CRPA	8992.84770059387	10726.5278680214	12686.8815325073	4316.78839194305	5003.83116109422	5713.88127635255	271.805893498187	339.177844215113	414.124695225951
Spain	MDRPA	323.427682723173	435.110217211636	566.322332985274	223.624122435895	280.83981048154	340.690160605246	12.6935664859127	18.013864696432	23.6589371017254
Spain	MRSA	9267.33905606837	10089.6729957007	10873.8275225044	8777.86571338974	9836.52599909259	10908.8334336846	423.591722786088	469.480972280229	516.898506900333
Spain	PRSP	2984.3961067188	3351.44932929626	3833.21679555099	1107.91559775755	1239.85903089834	1394.22475945767	69.3404394675882	75.5788828603823	82.9284652388702
Spain	PMRSP	3495.33675676707	3805.92649532908	4182.97536475153	1294.93559110775	1416.60837576355	1565.02687869477	80.3568297752515	86.2610145901528	93.1622195753489
Spain	total	42874.925948595	48823.8088132074	55421.7057196915	35957.2221699117	41345.0147345554	46837.2756126862	1640.57708997861	1899.24658895759	2187.24343711758
Finland	ColRACI	0	0	0	0	0	0	0	0	0
Finland	CRACI	6.98710873691212	15.0543197865476	25.7295770794586	1.85295916732548	3.13334016364902	4.50215894629024	0.103940221262294	0.256988360318767	0.460680313748233
Finland	MDRACI	0	0	0	0	0	0	0	0	0
Finland	VRE	3.26930186294593	6.46728610959993	11.9596697956236	1.77696433213287	5.12521543085665	9.24547610556153	0.174524710387978	0.352187708492693	0.651329886213669
Finland	ColREC	0	0	0	0	0	0	0	0	0
Finland	CREC	0	0	0	0	0	0	0	0	0
Finland	3GCREC	1229.60511725994	1360.46283000148	1502.07954332535	1799.00317053863	2008.25489558576	2232.05015625948	54.5465417845026	61.7163597757721	69.6629431171711
Finland	ColRKP	0	0	0	0	0	0	0	0	0
Finland	CRKP	0	0	0	0	0	0	0	0	0
Finland	3GCRKP	111.373363928958	122.588583298354	134.210577540412	66.9622226005817	75.7249168065157	84.5129441627252	3.76046521101017	4.13822473665979	4.53047291821435
Finland	ColRPA	0	0	0	0	0	0	0	0	0
Finland	CRPA	245.408022778397	327.420265483159	421.274982596395	104.229711028941	124.83907989201	145.000549300464	6.31993840013778	8.42115656315052	10.8912831327201
Finland	MDRPA	64.3318798635969	90.0639687739864	121.26208576795	49.3704972543923	62.300507897157	75.3633705807455	2.76102907307144	3.93934793983425	5.34707023627764
Finland	MRSA	347.325044737615	378.930728088641	413.220853289583	214.762952081473	239.495937191509	263.458097062542	9.86955618377463	10.8365887437697	11.8714431966118
Finland	PRSP	4.25123867632851	5.38156037579203	7.29040412703947	4.09985913060168	5.19376926910768	7.54907416570769	0.253347323224689	0.320460212200065	0.430813717722474
Finland	PMRSP	0	0	0	0	0	0	0	0	0
Finland	total	2012.5510778447	2306.36954191756	2637.02769352181	2242.05833613408	2524.06766223657	2821.68182658351	77.7893429073716	89.9813140401979	103.846036518679
France	ColRACI	49.5949113478287	114.906961605721	221.255125973323	9.42142214747013	18.3119028270847	30.7089285403098	0.578871883507414	1.51545191985074	3.036516727653
France	CRACI	977.462227955163	1221.63769750186	1499.06201302755	376.59091435026	444.759556560615	519.40748357798	30.9835302795421	38.2043343459989	46.4412379814151
France	MDRACI	432.928139973672	587.944318639914	783.359006483675	175.686106868928	221.887523545434	273.507648221205	13.6517173494464	18.7826905964586	24.721523869044
France	VRE	650.00224105653	854.425959980087	1127.18951380118	296.299489445499	396.074107102471	505.223905011101	20.1910753910633	26.4522656302483	33.8986386303168
France	ColREC	421.648544979693	585.863841526488	806.415191414496	211.32156350691	290.903164397307	378.429615048134	17.7595479020984	25.1973341080457	34.7313026520943
France	CREC	144.467399922381	192.634976685701	257.647532012604	105.13986793747	144.239510368037	190.083924212151	5.44221156215913	7.63479663687909	10.5225676701925
France	3GCREC	33508.7176585663	37620.4046801599	42742.0046274623	47961.1237199291	55957.55064756	64194.7609408779	1475.20351192574	1703.78053419053	1967.38801584008
France	ColRKP	2102.79932011259	2658.21087768275	3302.60614738039	284.178695497129	367.72859046382	459.270295399207	64.0678342507319	80.4267339610516	100.702353623797
France	CRKP	581.973094106296	784.227638394926	1022.0454822851	128.079030987081	183.989086128787	250.275151465838	17.3680477914328	24.4512459329663	33.7190169275082
France	3GCRKP	24286.0604195817	26475.6754640538	28928.3983552208	14478.031639473	16487.7803670181	18464.2071850572	797.933484067422	884.584308841304	977.329924954856
France	ColRPA	0	0	0	0	0	0	0	0	0
France	CRPA	28241.2582607699	34716.9827365494	42322.0811174323	12756.9794923863	15234.1814642951	17913.8995857278	800.724290586863	1024.9012018344	1296.93544239961
France	MDRPA	4764.63885169565	5947.8818377027	7289.0746979483	2545.95117300658	3036.34185987955	3573.65680634148	151.167061356091	192.667284249004	239.055268298724
France	MRSA	31795.8683042365	34915.8389479427	38104.4590014919	28174.6432390869	31998.9852535619	36149.0234815864	1347.30661526904	1513.18782772877	1687.72783439137
France	PRSP	28.9287593309661	33.7604892541139	40.7759546247914	19.3556655571014	22.8038222099528	28.1761576842193	1.21065849734599	1.41285520584394	1.6788821476876
France	PMRSP	0	0	0	0	0	0	0	0	0
France	total	127986.348133635	146710.39642768	168446.373766559	107522.80202018	124805.536855918	142930.631108751	4743.58845811248	5543.19886518136	6457.88852611435
Croatia	ColRACI	0	0	0	0	0	0	0	0	0
Croatia	CRACI	1400.99616890551	1663.77354902496	1911.05002004678	534.101900288631	600.11526369035	668.279775275903	42.7969258309024	52.4786512277256	62.0557212513742
Croatia	MDRACI	11.6410696063176	18.8517480265323	26.2895408413526	7.34631697041658	10.0527493246775	12.8394506164837	0.506388883529342	0.868791546769339	1.22600107249238
Croatia	VRE	211.87995747936	263.27961512195	324.350034013748	113.405039561094	145.377379286185	179.357536721255	7.65460714708993	9.50299684673455	11.7756694222289
Croatia	ColREC	0	0	0	0	0	0	0	0	0
Croatia	CREC	0	0	0	0	0	0	0	0	0
Croatia	3GCREC	728.097386544623	816.695032966008	917.224545377949	969.537115581917	1103.24900600385	1240.19367747805	29.2592660761118	33.6870137020764	38.3207443733973
Croatia	ColRKP	11.4909940273217	23.0304770693235	38.6679249503981	1.47417111972547	3.28236820184364	5.29290087303039	0.357142659410735	0.726901710531791	1.23074822564311
Croatia	CRKP	83.9048470650927	106.358023116025	132.652822708858	20.3193271791338	26.5158853176982	32.7702849142858	2.7732848583372	3.56236956965686	4.47936381301162
Croatia	3GCRKP	1454.21838415235	1570.99742736026	1688.0768973142	676.605148085821	740.554836597896	804.460115064673	36.9530334838512	39.8040223800468	42.5289485495553
Croatia	ColRPA	0	0	0	0	0	0	0	0	0
Croatia	CRPA	1773.63767988997	2137.47876672258	2539.58905088806	750.777505955231	860.208841990173	969.103669633389	46.8682743384672	57.9392579115484	70.3993933366573
Croatia	MDRPA	74.568734985022	118.306411410922	175.340011249273	36.9413013259696	51.9274550148938	67.4252484571872	1.97789083143175	3.24897862520977	4.84227857704392
Croatia	MRSA	886.473446503335	957.832522908485	1032.0154842731	723.299356581611	800.675320805996	878.414286803247	34.3956779324055	37.5767590309224	41.095060916373
Croatia	PRSP	29.6503801349463	37.2527226980464	52.1537312015375	4.30985431662036	5.49740809071838	8.41692213956999	0.273495152699393	0.344936532732293	0.473715649632867
Croatia	PMRSP	0	0	0	0	0	0	0	0	0
Croatia	total	6666.55904929386	7713.8562964251	8837.41006286525	3838.11703696617	4347.45651432428	4866.55386797707	203.815987194236	239.740679083954	278.42764518741
Hungary	ColRACI	0	0	0	0	0	0	0	0	0
Hungary	CRACI	1835.01894081663	2165.79735220896	2491.25268919472	774.151948256351	860.349140691232	946.804808267476	62.5148414268126	74.961588677095	88.2238057458991
Hungary	MDRACI	261.181630172789	322.640532638756	384.730740755439	114.054448232717	129.612334583292	146.50339253267	8.79035430801684	11.1332787730064	13.6140136102646
Hungary	VRE	292.845002462815	363.531039886762	437.220931521671	179.097278810901	228.365783150191	279.453957457227	12.6084238587085	15.6567581750511	18.7273453617079
Hungary	ColREC	0	0	0	0	0	0	0	0	0
Hungary	CREC	20.5498500778113	38.5593882629618	62.1518149990212	5.17208638874104	8.65343058056652	12.2800208257141	0.23070090312586	0.447361854751784	0.72814564390672
Hungary	3GCREC	1814.62003991385	2015.39333945609	2247.60221574049	2516.60564588041	2820.71177389541	3123.08008285481	76.0880528649186	85.7595499458044	96.8057488231531
Hungary	ColRKP	0	0	0	0	0	0	0	0	0
Hungary	CRKP	11.1901204834968	20.5619328848779	33.5616436067344	1.56831637256825	3.27824070310198	5.09070083181556	0.226122779068802	0.425310503051408	0.709867520862314
Hungary	3GCRKP	1772.85065507263	1881.25597168659	1988.84340768688	1039.63996061223	1131.75854811332	1230.49070162364	57.3242711051273	61.4236275659721	65.8407345550436
Hungary	ColRPA	9.19017712380547	22.4511967922429	43.5055851477776	4.28938950441293	8.50574411137918	12.8762000698482	0.183956718671218	0.535928117203136	1.10595599973884
Hungary	CRPA	4991.97737077617	5822.40095757209	6740.54945574322	2096.64260574367	2356.96463366921	2630.9187033452	132.304963486454	159.5739469035	191.711549892892
Hungary	MDRPA	318.005899169221	412.436053782271	519.444905111817	167.506893052295	206.258014105746	243.861343848421	9.58743419775288	13.0562425263106	16.9769455013806
Hungary	MRSA	2506.29189288085	2698.08698330509	2892.11284200085	2271.73704445168	2493.49861224972	2706.84033299576	109.438658491031	118.739903919669	127.880483817556
Hungary	PRSP	17.6669494992349	21.2425191570325	26.2819714033934	9.33567571491443	11.3662268618329	14.5299448219348	0.578010419431613	0.700375013728194	0.853868800577884
Hungary	PMRSP	23.5300094407256	28.5627408166436	37.8857751247218	9.35749418174396	11.2915666616517	14.8609707490452	0.581037664738129	0.697005933791807	0.856142538738577
Hungary	total	13874.91853789	15812.9200084504	17905.1439780367	9189.15878720262	10270.6140493767	11367.5911602236	470.456828223858	543.110877908936	624.034607811721
Ireland	ColRACI	0	0	0	0	0	0	0	0	0
Ireland	CRACI	40.3657277039359	57.4631866458387	76.0198214674083	12.3589985770854	15.4300479364555	18.370521238471	0.928407842214838	1.34925982916055	1.77725022773953
Ireland	MDRACI	0	0	0	0	0	0	0	0	0
Ireland	VRE	1592.94850625933	1848.80649644528	2163.72558976678	836.266468299843	1001.77752501709	1173.53963133176	56.4481907516666	66.3483093724016	77.7272133523501
Ireland	ColREC	0	0	0	0	0	0	0	0	0
Ireland	CREC	19.1284029001439	36.128242033116	56.698334789704	4.74828163546068	8.01255351860298	11.4352447559092	0.216836732664549	0.421211825545394	0.670115935997721
Ireland	3GCREC	1344.06426224153	1482.27839254415	1628.81670589564	2051.91566317161	2302.37155454268	2567.51859623525	62.5017301807909	71.0341631156985	80.2739336878213
Ireland	ColRKP	0	0	0	0	0	0	0	0	0
Ireland	CRKP	10.6497726170321	17.3760963362857	26.4507807629058	3.69779251879182	6.02352047785547	8.49865439161408	0.509238955665114	0.811918779803669	1.20086215930268
Ireland	3GCRKP	298.609861793085	323.394541785092	346.228722822184	199.903952516037	221.412127070936	242.298068095115	11.1285875336586	12.090763275423	13.0087368792197
Ireland	ColRPA	0	0	0	0	0	0	0	0	0
Ireland	CRPA	269.288405863031	348.840079161273	435.172070453633	122.044920641001	142.701473256413	163.370130558161	7.65794239904994	9.75818749576805	12.1575764495154
Ireland	MDRPA	8.5560442443951	20.0274785346814	38.1381204390336	4.00758036184098	7.98156770399013	11.9276866881916	0.176183086719124	0.476267050158264	0.960958739333629
Ireland	MRSA	1242.76698362988	1324.7965812644	1403.28989690656	1082.95821784743	1182.35262814453	1281.80285245748	51.8663648210201	56.2549199452468	60.4791691998537
Ireland	PRSP	3.1491398431446	3.93264945528747	5.39137340157673	4.17705033347776	5.18093489706043	7.68869650622111	0.257919659258016	0.322232248906512	0.43526236680953
Ireland	PMRSP	0	0	0	0	0	0	0	0	0
Ireland	total	4829.52710709551	5463.04374420541	6179.93141670543	4322.07892590258	4893.24393256561	5486.45008225817	191.691401962708	218.867232938112	248.691078997943
Iceland	ColRACI	0	0	0	0	0	0	0	0	0
Iceland	CRACI	0	0	0	0	0	0	0	0	0
Iceland	MDRACI	0	0	0	0	0	0	0	0	0
Iceland	VRE	0	0	0	0	0	0	0	0	0
Iceland	ColREC	0	0	0	0	0	0	0	0	0
Iceland	CREC	0	0	0	0	0	0	0	0	0
Iceland	3GCREC	7.05697092339015	10.031656664403	13.8524885778604	16.6727492470654	22.362269015243	28.1544762130853	0.50151870519838	0.686025269496479	0.887659500818691
Iceland	ColRKP	0	0	0	0	0	0	0	0	0
Iceland	CRKP	0	0	0	0	0	0	0	0	0
Iceland	3GCRKP	0	0	0	0	0	0	0	0	0
Iceland	ColRPA	0	0	0	0	0	0	0	0	0
Iceland	CRPA	0	0	0	0	0	0	0	0	0
Iceland	MDRPA	0	0	0	0	0	0	0	0	0
Iceland	MRSA	0	0	0	0	0	0	0	0	0
Iceland	PRSP	5.43309064698994	6.76942802727792	9.3758912004132	4.04414298744719	4.96743853199398	7.22898860071341	0.248564658707398	0.310677553645816	0.421279461333168
Iceland	PMRSP	0	0	0	0	0	0	0	0	0
Iceland	total	12.4900615703801	16.801084691681	23.2283797782736	20.7168922345126	27.3297075472369	35.3834648137988	0.750083363905778	0.996702823142295	1.30893896215186
Italy	ColRACI	713.498933942523	971.89460461669	1265.67035741399	281.732135931813	357.97321230446	436.988853400582	22.3729971658486	30.7652887640089	40.7496527456473
Italy	CRACI	23329.2359277754	27969.9742971275	32449.2979924966	9770.45588336661	11410.0865068109	13106.2349226219	789.45730201762	976.440961397744	1175.04970639311
Italy	MDRACI	357.313524638727	435.393707908242	520.506723760075	226.342702723481	288.832481951031	359.243401807939	17.8740416978353	24.4756519294455	32.2320303699917
Italy	VRE	5384.79990041496	6831.01087482826	8439.86520181611	3186.35019224292	4190.98171649552	5248.13790708363	217.793016292896	281.265979117672	356.244715256032
Italy	ColREC	3054.49038495412	3683.31724688904	4369.90508323627	1740.76116158752	2149.89679636494	2634.6951021225	144.839555404851	185.528245901683	236.662810839223
Italy	CREC	861.657442979423	1140.06320644083	1528.25685015739	522.528938177172	638.199895190561	760.921708601857	27.3635438307633	33.6182419089371	42.1289779955559
Italy	3GCREC	48647.3891657679	56308.8465182774	65145.2252382148	75454.4827045287	92178.9641444889	109552.336866342	2332.84027987317	2825.52697186475	3409.8466648564
Italy	ColRKP	23400.3444805112	27727.1756421786	32761.2327883272	3917.41464291158	4754.91622900525	5639.2259026661	862.153706009447	1039.24130849875	1229.36393901378
Italy	CRKP	31788.0782080061	37393.7920251942	43543.6714863421	8941.80632608859	10840.4655879756	12717.7802090508	1181.9585975627	1425.11371401867	1689.62383375245
Italy	3GCRKP	18991.6560874381	21303.1992198099	23997.883405036	10941.7723322378	12572.008836329	14384.6950561476	590.775346962997	669.572497607537	750.714903393106
Italy	ColRPA	1020.14000555879	1369.13861728412	1884.07813060313	448.837022511514	581.03691234925	723.795941508589	27.9839401495238	38.8100445705539	52.7823983423935
Italy	CRPA	26328.3400377312	31786.1566566491	38022.5818542286	11998.7619951755	14207.3875155537	16643.7327551854	769.463635980319	950.834385058796	1186.91762374084
Italy	MDRPA	2407.10292680783	3074.29739477673	3819.15329391047	1650.02820635717	2036.26143620977	2453.92198032737	97.065874016207	128.191330262249	164.135648252292
Italy	MRSA	45565.0468348891	51188.1647928401	57428.6761235703	38324.2030741743	44877.9286269607	51912.5913672213	1844.27108176346	2123.08629058297	2414.76560254336
Italy	PRSP	361.458247402099	482.875247130412	700.688685017914	141.164959739261	190.321985035501	264.786183214015	8.97894429863119	11.4216138121386	14.8458716455017
Italy	PMRSP	798.605358703841	957.628782229019	1163.3218636228	262.681450294358	308.304784310443	368.164610599783	16.0847763858003	18.3408775808787	21.1669286331282
Italy	total	233009.157467521	272622.92883418	317040.015077754	167809.323728048	201583.566667335	237207.252767901	8951.27663941208	10762.2334028768	12817.2313077728
Lithuania	ColRACI	0	0	0	0	0	0	0	0	0
Lithuania	CRACI	450.897221149894	533.156279994147	617.377760499934	176.547807829341	196.512233522567	217.076575306903	14.172045576864	17.2683358416483	20.144138173796
Lithuania	MDRACI	36.2717156544068	46.4904801770371	56.6128876111118	25.5109642420858	29.9458976875836	34.3950166776346	1.97126004263983	2.58213154865442	3.18823868741604
Lithuania	VRE	69.2188183225707	83.7721116202858	101.299025096848	53.7604479996269	68.5198760657192	84.1554285601635	3.74216156235734	4.66682068850463	5.71212596885842
Lithuania	ColREC	0	0	0	0	0	0	0	0	0
Lithuania	CREC	0	0	0	0	0	0	0	0	0
Lithuania	3GCREC	490.038016516888	547.935971601164	606.752606112439	687.197371800797	772.646452027159	858.821483293825	20.7373422892751	23.6634104120996	26.5975623009483
Lithuania	ColRKP	0	0	0	0	0	0	0	0	0
Lithuania	CRKP	0	0	0	0	0	0	0	0	0
Lithuania	3GCRKP	466.56024552463	502.27291310254	539.450169560972	359.035300777491	399.20675051758	438.448433568481	20.1202518149576	21.7967324359547	23.6196184472949
Lithuania	ColRPA	0	0	0	0	0	0	0	0	0
Lithuania	CRPA	99.5496138759402	131.854693147482	167.910365128902	78.1822642889839	94.1094491388857	110.633240062382	4.69560411220693	6.45344142747668	8.37691850479391
Lithuania	MDRPA	27.9364739074031	42.4735867964857	61.9933583314411	19.5946439891875	25.7113462613579	31.7961078616624	1.07840118937058	1.63438040577476	2.30256406804579
Lithuania	MRSA	226.375908169305	244.801349401434	262.525843783493	194.319337901461	213.14741269583	231.728355402349	9.20282396757627	9.99216506966405	10.7938225953064
Lithuania	PRSP	4.90915726893061	5.83239160335539	7.46294837070969	4.67425055238233	5.62195193734161	7.39962411530682	0.289854409532538	0.348004290444314	0.437005699543793
Lithuania	PMRSP	40.7341253086496	46.7664911469537	55.5419631497745	19.617575707089	22.7757835589417	27.6187329047863	1.22072904998501	1.4008907507193	1.66163841481341
Lithuania	total	1912.49129569862	2185.35626859088	2476.92692764563	1618.43996508845	1828.19715341297	2042.07299775349	77.2304740147652	89.8063128709408	102.833632860817
Luxembourg	ColRACI	0	0	0	0	0	0	0	0	0
Luxembourg	CRACI	0	0	0	0	0	0	0	0	0
Luxembourg	MDRACI	0	0	0	0	0	0	0	0	0
Luxembourg	VRE	0.958826745416945	1.93346908886888	3.49243983200478	1.76170373696065	5.05545632374629	9.04230109507806	0.172735549737895	0.34769625797178	0.629406931208811
Luxembourg	ColREC	0	0	0	0	0	0	0	0	0
Luxembourg	CREC	0	0	0	0	0	0	0	0	0
Luxembourg	3GCREC	171.276335248076	199.400370096677	227.144331323093	280.783718326051	328.682458775005	378.562222205873	8.62671751919861	10.2694454500319	11.9973421622366
Luxembourg	ColRKP	0	0	0	0	0	0	0	0	0
Luxembourg	CRKP	0	0	0	0	0	0	0	0	0
Luxembourg	3GCRKP	71.0037663717072	79.5791541361464	88.7564005052147	56.9936548418308	66.2006826782612	75.4104323978334	3.24672852162383	3.63074061630662	4.03934280266488
Luxembourg	ColRPA	0	0	0	0	0	0	0	0	0
Luxembourg	CRPA	12.3363183295295	23.5892379390728	37.9277127426063	9.69081182279253	15.3459188994223	21.1681504775442	0.488244605939635	1.04680811312168	1.72868131538933
Luxembourg	MDRPA	0	0	0	0	0	0	0	0	0
Luxembourg	MRSA	84.1893427514487	94.5464727284403	104.785460989033	64.3893639775795	71.9614964221568	79.7319503514923	3.10548420738643	3.41336530794971	3.73855150452349
Luxembourg	PRSP	0	0	0	0	0	0	0	0	0
Luxembourg	PMRSP	0	0	0	0	0	0	0	0	0
Luxembourg	total	339.764589446178	399.048703989206	462.106345391952	413.619252705215	487.246013098592	563.915056527821	15.6399104038864	18.7080557453817	22.1333247160231
Latvia	ColRACI	0	0	0	0	0	0	0	0	0
Latvia	CRACI	345.102080161737	422.127114165037	498.049270959291	123.232295324549	139.690660115976	156.013014903784	9.91913582686451	12.2330383103032	14.5953233304621
Latvia	MDRACI	25.3995627813245	42.0633512099018	60.5936727412477	9.89537248480875	13.2983953334509	16.9184943219207	0.658479485284954	1.13301177584148	1.66348843763777
Latvia	VRE	65.0011301710522	91.3264888367142	123.532285395459	27.1514423726773	39.8209395356508	52.9770283843937	1.86658319453191	2.53596115554851	3.32629593749857
Latvia	ColREC	0	0	0	0	0	0	0	0	0
Latvia	CREC	0	0	0	0	0	0	0	0	0
Latvia	3GCREC	196.337453533228	225.239469444313	255.892339636017	262.116112222328	299.246369952461	337.898106768238	7.75440414527031	8.99966448250822	10.2085966212905
Latvia	ColRKP	0	0	0	0	0	0	0	0	0
Latvia	CRKP	0	0	0	0	0	0	0	0	0
Latvia	3GCRKP	411.593593199786	450.770044887583	490.565907794103	210.278229506324	233.483057136791	257.018561158819	11.5814266166505	12.5687105488463	13.5633653391317
Latvia	ColRPA	0	0	0	0	0	0	0	0	0
Latvia	CRPA	48.0301457904332	89.1131281268904	145.519823329165	10.6720027873904	17.0613127679408	23.3018500579195	0.532753581968132	1.1282078840886	1.92211074183807
Latvia	MDRPA	0	0	0	0	0	0	0	0	0
Latvia	MRSA	154.89442111958	172.475497157912	191.325181756287	82.430578392283	93.3228207666134	103.866782285166	3.77769037657041	4.2073594969782	4.66270215613517
Latvia	PRSP	0	0	0	0	0	0	0	0	0
Latvia	PMRSP	19.2993522746095	23.2238868531687	29.4206096456365	9.35017710487547	11.3071364831519	15.042863019386	0.579642422466359	0.697611096453259	0.868714997915756
Latvia	total	1265.65773903175	1516.33898068152	1794.89909125721	735.126210195236	847.230692092036	963.036700899627	36.6701156496071	43.5035647505677	50.8105975619096
Malta	ColRACI	2.54861394841078	5.44318633715512	9.09318328375044	1.84365011209828	3.11354500170631	4.46218073845841	0.109973473863822	0.273792813019846	0.47542623832198
Malta	CRACI	16.4616301552831	30.0630438537042	48.6370950437548	4.45445682688159	6.31445098742598	8.27029089781499	0.28488199967159	0.551744602067747	0.839073616921602
Malta	MDRACI	0	0	0	0	0	0	0	0	0
Malta	VRE	0	0	0	0	0	0	0	0	0
Malta	ColREC	0	0	0	0	0	0	0	0	0
Malta	CREC	0	0	0	0	0	0	0	0	0
Malta	3GCREC	113.556658950022	129.033914314237	145.331440880762	195.77615877847	228.91216698158	261.326554673932	5.98403620546942	7.08952699078452	8.21938312264662
Malta	ColRKP	15.4495772311311	25.0327749648761	35.8840368530271	3.71658689252247	6.21915472612059	8.71194610789814	0.851833067198366	1.40008333587521	2.03682569946212
Malta	CRKP	32.0022716311655	47.3785915684984	67.8019986300633	6.26952255915693	9.21913558540615	12.2700619181592	0.838082751023579	1.23892834900953	1.73907895556477
Malta	3GCRKP	63.0214652884789	72.7683793632547	83.5890089989673	33.8481585125657	41.0242883214478	48.2729594318548	1.94053575831483	2.23366159604922	2.57436000103356
Malta	ColRPA	0	0	0	0	0	0	0	0	0
Malta	CRPA	43.400871971469	67.2337874197671	93.7715918303343	23.9156783899039	32.4694551795505	41.0990021217401	1.3218630857147	2.20174813679001	3.14736354218194
Malta	MDRPA	1.31248881289834	3.16623244745638	5.95286837967901	4.04285265265229	8.08535312820185	12.2298516582554	0.182372006413363	0.515349816758698	1.03273189763461
Malta	MRSA	219.495395125339	242.18965265664	265.906934867157	242.849932857992	272.204443748073	300.892914432239	11.8672707494697	13.1027621360467	14.2911155626155
Malta	PRSP	0	0	0	0	0	0	0	0	0
Malta	PMRSP	0	0	0	0	0	0	0	0	0
Malta	total	507.248973114197	622.309562925589	755.968158767496	516.716997582243	607.561993659512	697.535761980352	23.3808490971393	28.6075977764015	34.3553586363827
Netherlands	ColRACI	21.1541547841668	43.9496138414326	71.2978242197794	6.52120801649535	9.20857684767989	12.0515059153796	0.418721381229643	0.789262350582834	1.24389070010721
Netherlands	CRACI	17.9976147465677	34.3642843932009	53.6356219185333	9.59255861018194	13.8494528290797	18.3673554639436	0.604342909275701	1.19460107242586	1.86369945437352
Netherlands	MDRACI	14.9631907186631	25.7154293854618	38.8342731195359	6.42565000936669	9.23796065294031	11.9367079689744	0.418015874654957	0.784743851432489	1.20609464998222
Netherlands	VRE	70.5432991833192	99.4255858438465	140.823396256138	38.9663282817845	62.5050877195556	90.0748508495424	2.89387669366132	4.20535475640454	6.27028631011949
Netherlands	ColREC	377.406600528743	460.060393583366	549.302220820501	229.416033657913	265.038827937451	302.685804458586	19.1262676542278	23.348872502621	27.9224408870708
Netherlands	CREC	10.9537814139691	19.816857769023	31.5773583014369	7.05550410826139	11.9954227316342	17.2758127934684	0.320729284254102	0.602630629387963	0.975950425063742
Netherlands	3GCREC	2189.15484935641	2449.97903982727	2727.97952758159	3115.23809958586	3503.36629307241	3899.0908236746	93.110682669321	107.100055746752	121.020708093717
Netherlands	ColRKP	96.1403576069117	131.033811668755	172.337640497017	19.7816554266167	27.0896803143995	34.3424013490605	4.44886879479364	6.02557470600527	7.86108810233957
Netherlands	CRKP	0	0	0	0	0	0	0	0	0
Netherlands	3GCRKP	539.775901787829	580.666867072994	622.287884684266	399.021310538519	444.332649687821	490.187121483932	22.3473600580422	24.3900886608872	26.3408510633315
Netherlands	ColRPA	10.6571312888308	20.9066661716434	34.8164406273879	14.9118600058432	23.6708646119426	32.2889829984823	0.779068072774295	1.62394299103451	2.64690857877675
Netherlands	CRPA	339.930274941218	451.310788695112	576.062454082315	194.089853129553	236.360474673051	279.811730651433	11.7023955919737	16.301329805465	21.5158546808889
Netherlands	MDRPA	64.8600064044509	94.2819086709378	130.304784001962	55.6555854147197	71.0479291353191	86.2545031746314	3.10295173139743	4.58661958668781	6.21488991481782
Netherlands	MRSA	355.477373272408	389.179398760194	426.28225405154	225.171771553539	249.027229248466	273.312348567076	10.5610683453761	11.5289754456026	12.5613759659362
Netherlands	PRSP	58.2011266924493	67.8587836506926	83.965720951038	26.5175043329444	31.3249803123483	39.4055977718849	1.66512757710774	1.93459077779316	2.3489349343933
Netherlands	PMRSP	25.3401039277465	29.4057082835432	35.3515645504447	19.9430651660582	23.5499409979599	29.0601351616327	1.25476473170243	1.45736084144895	1.73044129862933
Netherlands	total	4192.55576665368	4897.95513761747	5694.85896566349	4368.30798783766	4981.60537077206	5616.14568228263	172.754241369792	205.874003724531	241.723415059547
Norway	ColRACI	0	0	0	0	0	0	0	0	0
Norway	CRACI	17.9928885317554	28.3216756814901	40.6681490502023	6.83578244585651	8.96978386758552	11.2708476553521	0.47772227343491	0.793031670301724	1.14406368325102
Norway	MDRACI	0	0	0	0	0	0	0	0	0
Norway	VRE	0	0	0	0	0	0	0	0	0
Norway	ColREC	0	0	0	0	0	0	0	0	0
Norway	CREC	2.37930724531498	4.38563038066316	7.01099308117401	4.58475817942117	7.81874032247816	11.1879809650133	0.22560296053297	0.430269105227637	0.702644169027766
Norway	3GCREC	949.980789844021	1061.22789973528	1184.77801172921	1320.90859879011	1483.51388928603	1646.22346799861	39.8950207318265	45.2712097208707	50.8040871598954
Norway	ColRKP	0	0	0	0	0	0	0	0	0
Norway	CRKP	10.0328393718051	18.7876651537706	30.3138504107399	1.40348152249883	2.95229895014396	4.60231848667478	0.198292848713628	0.389377137843153	0.639870232050276
Norway	3GCRKP	161.961546411182	176.537109153189	190.836254868431	117.754566855531	132.481600573301	147.543802436849	6.62528413183285	7.27179595633634	7.94570914767545
Norway	ColRPA	1.29980472805976	3.1083692002691	5.94058756554231	3.85601719151296	7.6577366002138	11.6637231865733	0.183836535350123	0.511910576327407	1.03503903163647
Norway	CRPA	132.799720652902	177.898770900083	226.165616219278	82.1951871890979	100.154958831287	117.472607386103	4.90926553450514	6.82265329528044	8.98248927602781
Norway	MDRPA	0	0	0	0	0	0	0	0	0
Norway	MRSA	128.897804277683	142.355370348886	156.873611244908	91.6801717302781	101.97345479895	112.817674070847	4.37918013842843	4.82058398467213	5.28054928290357
Norway	PRSP	0	0	0	0	0	0	0	0	0
Norway	PMRSP	88.1227106342959	99.3495476991002	115.471499040567	31.5893127670068	36.0456938718505	42.1912993449963	1.97997518664861	2.21708281586132	2.53403968513995
Norway	total	1493.46741169702	1711.97203825273	1958.05857321006	1660.80787667131	1881.56815710184	2104.97372153102	58.8741803412732	68.5279142627209	79.0684916676077
Poland	ColRACI	30.3566458788099	64.1833908523882	109.719539764885	12.6596767652595	21.3565827355667	30.5682887714916	0.741274483003805	1.79349312990226	3.20473830755512
Poland	CRACI	7377.78496155042	8765.97550699257	10121.9794080098	3066.2447956263	3427.94526599306	3775.21242643148	242.411395478424	300.005094205936	352.941807933832
Poland	MDRACI	1407.1754822825	1727.09780982431	2063.99802386246	677.335839858182	770.604801279537	865.338588734918	53.5777796191053	65.8326104660948	80.3086092960823
Poland	VRE	3302.08679434408	3910.3180008649	4578.30561233831	1505.24622522432	1830.82228149889	2159.61544658366	99.691107607326	119.170836562021	141.374086327017
Poland	ColREC	0	0	0	0	0	0	0	0	0
Poland	CREC	206.358387863518	323.942459079092	474.277309852118	77.187954260646	112.032185735546	146.246047967082	3.62822288278958	5.81402557658922	8.18268977613415
Poland	3GCREC	7076.91335670039	7829.74152356138	8657.23103844285	9170.410266191	10248.8983118134	11319.6225964415	276.849278365722	311.765095158202	350.77336589864
Poland	ColRKP	1126.60396680029	1442.01846803228	1805.71687217567	201.559593526852	251.666815227948	301.719815250614	44.3836212658514	55.9835675554485	69.3372165384053
Poland	CRKP	100.692170376243	146.206210549381	201.49903934436	43.2890957179643	62.9697261398928	84.5697239735828	5.64836377507897	8.45613664983501	11.696593844072
Poland	3GCRKP	21300.6398077379	22775.6492398742	24302.8759792463	10713.0270238354	11678.0801113733	12652.187496293	589.553599212545	631.33877149827	675.450762924074
Poland	ColRPA	0	0	0	0	0	0	0	0	0
Poland	CRPA	10885.3126499454	13015.7140185211	15107.6104356322	4558.15686195925	5177.74322099659	5796.58955346965	283.413980806541	350.706958313674	418.840009647897
Poland	MDRPA	958.124269785461	1304.37452000233	1711.31787831015	617.909386823916	769.6317098372	921.483041959606	35.2594120788805	49.1230840528389	64.5473773561854
Poland	MRSA	8319.52550467454	8859.43889535361	9399.3826897555	5965.18526433554	6463.03358811376	6964.7264798748	281.732597723852	302.302192281243	323.752339953491
Poland	PRSP	549.64165983011	648.735662787742	836.13153880906	188.86336869609	219.132783522995	267.099323530814	11.8181302987798	13.4979537767409	15.8095974282617
Poland	PMRSP	59.4415523681292	73.5892053036013	101.749881598993	29.0910893765084	35.4411508598711	52.5577628400382	1.79205890585807	2.21498898073897	2.99691624366148
Poland	total	62700.6572101378	70886.984911599	79471.7952471426	36826.1664421973	41069.3585351275	45337.5365921222	1930.50082250376	2218.00480820753	2519.21611147531
Portugal	ColRACI	27.9532142019958	42.0310162436533	58.1298585484304	10.3287175515179	13.154319144952	15.9454944246981	0.723478555207745	1.12697799193516	1.55335806392512
Portugal	CRACI	1142.69699304689	1342.31705479008	1537.57629207057	518.015773601352	578.280812979474	635.876814559767	41.9265231066437	50.6846064153565	59.2949274664332
Portugal	MDRACI	9.92553868898222	20.6636374106304	34.651787186063	1.98933436626858	3.27035851629013	4.70173800853992	0.111650851066196	0.272041519511589	0.474654657558936
Portugal	VRE	868.778130211768	1031.11433550026	1214.94209262227	495.790610756108	605.572476396001	716.401944756306	33.8344999975378	40.3529121171437	47.714607324228
Portugal	ColREC	0	0	0	0	0	0	0	0	0
Portugal	CREC	60.0516212959856	84.7084873608535	113.371121260757	32.0383049092155	41.3070972268551	50.7590224298255	1.56425609775117	2.18758492778303	2.89834336862567
Portugal	3GCREC	3285.82164319607	3624.67868797115	4039.61566289471	5890.48400716848	6754.38718294569	7599.83904782671	182.890407111569	210.483594716176	242.312275816226
Portugal	ColRKP	16.2995351958824	27.3738612308267	40.794750981683	3.74517212925242	6.11639060425023	8.52602628418834	0.816200807834566	1.35830217790213	2.00354858501679
Portugal	CRKP	625.722826911116	729.177960471501	837.798076097507	183.236756897202	210.449355221473	238.844385543956	24.7048113397259	28.5957133378451	32.8248485016858
Portugal	3GCRKP	3939.59816089671	4203.27992767645	4464.47411458092	2842.11943437916	3142.56163214799	3436.48814271276	158.988150386619	171.656594452087	184.919103821788
Portugal	ColRPA	40.3348913564977	67.2262576766914	102.559437197999	16.9473543510061	24.1671419396422	31.4349138809558	0.898871140531105	1.62083354914012	2.51475302065069
Portugal	CRPA	3095.19347669863	3697.40909924835	4305.79269731046	1670.15430258455	1901.36814505143	2131.2885983535	104.37218612187	129.062110650636	155.265479165039
Portugal	MDRPA	0	0	0	0	0	0	0	0	0
Portugal	MRSA	9176.46832141138	9817.87454381521	10473.0931873989	9588.42629804267	10577.7351609844	11558.0110474342	468.542495324518	510.923124845875	554.21778932462
Portugal	PRSP	176.152406089797	192.673755745112	213.384424904616	79.5718441087905	86.9877928080066	96.8274446927063	4.95421455928441	5.34563186048731	5.80846075381115
Portugal	PMRSP	191.119015475361	211.389888097133	236.58276120224	68.6726071280069	75.973114411815	87.0481653589643	4.26636471699387	4.6716473682089	5.14523536626606
Portugal	total	22656.1157746771	25091.9185132379	27672.7662642572	21401.5205179736	24021.3309803783	26611.992786267	1028.59411011715	1158.34167593009	1296.94738523587
Romania	ColRACI	253.901332289202	388.089076226472	557.86086112475	79.633749416458	104.742653322617	133.450170437487	5.73321961602245	8.91209425829594	12.7394547272131
Romania	CRACI	8313.24192081537	9811.36474968562	11311.0323688975	2783.42283628942	3182.05998156507	3584.39443436	227.741061528511	275.432744641781	323.613705723325
Romania	MDRACI	250.03847673061	367.409645026024	513.782155533463	78.9858441958267	105.052906818777	133.131465656683	5.93729025384454	8.81290050329673	12.3002491439304
Romania	VRE	1434.62925952614	1885.39628764349	2427.1878215889	634.239915741893	856.753735777243	1119.38813831828	41.4169830981817	55.8372984215977	74.2313947787422
Romania	ColREC	0	0	0	0	0	0	0	0	0
Romania	CREC	451.64084693619	601.730967080872	778.445573269973	292.853543957375	383.256776155662	481.572072005483	15.393999376787	20.4914669219545	27.4513381567278
Romania	3GCREC	3498.47606983901	4003.58163958218	4574.32591254784	4161.60439065065	4815.41875521218	5536.678057574	123.327772357149	143.85290837789	168.98478083835
Romania	ColRKP	1772.17138061544	2277.25472704299	2813.84052751988	279.356398289729	355.976594764442	438.417847193981	60.8876939310362	77.7619080254781	97.268619412578
Romania	CRKP	3665.0993493061	4535.66805764196	5584.90122217916	889.663373762683	1085.93041455738	1282.98053774279	106.157720446744	128.330723676107	155.130488684556
Romania	3GCRKP	6408.98867646627	7265.09549465882	8371.59887368015	2868.53631548741	3242.05380507197	3634.86373421821	156.871049718701	173.23013356338	191.190687875339
Romania	ColRPA	54.5768373712367	142.812670419266	297.378279988878	22.6479392090378	54.8920284668531	91.9810291872627	1.12411662171358	3.42553426004614	7.6214370870722
Romania	CRPA	6510.5812157288	8130.10383124584	9993.42930603706	2754.54299006619	3279.14346681184	3837.10927918685	172.870382222857	219.251026259839	275.968126918998
Romania	MDRPA	120.918992071241	262.762582025661	510.571536507498	60.4813473211758	108.189805505596	161.620476136576	3.15912091777724	6.61214915349708	11.8097788302425
Romania	MRSA	9124.15833450329	10026.3203450557	10981.0917299677	6343.62862806059	7106.77590060841	7884.421359314	291.560483897859	323.976464797323	357.345757198542
Romania	PRSP	158.997837316522	208.751488602952	299.702815882054	51.0618696588583	70.9154726869287	105.63331769703	3.31770266653897	4.30030341094936	5.95863182146253
Romania	PMRSP	751.906107942933	890.513956973535	1059.24186179327	267.22798888987	325.961646183318	396.661601145502	16.9312731639301	19.7156461863594	22.8981822167116
Romania	total	42769.3266374584	50796.8555189113	60074.3908465181	21567.8871309972	25077.1239435083	28822.3035201741	1232.42986981765	1469.94330245779	1744.51263341379
Sweden	ColRACI	0	0	0	0	0	0	0	0	0
Sweden	CRACI	6.74508919335455	15.209280227008	25.7230070009825	3.02576904146138	5.00718149399017	7.09740867811786	0.165049419044956	0.423328764267084	0.756337018982395
Sweden	MDRACI	0	0	0	0	0	0	0	0	0
Sweden	VRE	5.14780770256448	10.5594275393511	19.5360682061756	2.25548241636533	6.61788196095043	11.8873287104393	0.219639894285861	0.456667550484267	0.847318608811645
Sweden	ColREC	0	0	0	0	0	0	0	0	0
Sweden	CREC	46.7565397284975	71.6165688481636	103.19757362556	27.4065550690099	40.5316955701494	55.1221869555258	1.3379866104111	2.1882587656292	3.3331986712839
Sweden	3GCREC	2338.0968918195	2591.23098955237	2844.66176042355	3194.27316495672	3601.37784104307	4002.14153355816	96.8342020845842	110.138297113161	123.185525016254
Sweden	ColRKP	0	0	0	0	0	0	0	0	0
Sweden	CRKP	0	0	0	0	0	0	0	0	0
Sweden	3GCRKP	220.963958924522	242.449828587019	265.910267807739	147.447835083453	167.212973658644	186.990834722496	8.223178949562	9.08543243511707	9.95321285260661
Sweden	ColRPA	0	0	0	0	0	0	0	0	0
Sweden	CRPA	469.000295572443	592.876314328619	744.724867651114	221.41856513021	261.505585745848	301.753458550827	13.9401149828994	17.7284366534557	22.2760197673927
Sweden	MDRPA	5.87197418090762	11.2746430788392	18.367497854929	12.4264882057718	20.0055234016757	28.0062324380751	0.613812603274337	1.28870263891753	2.16369772109836
Sweden	MRSA	299.138998195695	326.63154410554	356.609117035124	175.907355363663	194.270715079901	212.836041645436	8.09289396456004	8.87552963542515	9.67710238234881
Sweden	PRSP	234.783379935448	259.089748380555	287.582927063053	137.640637110454	153.307427657875	174.06256495652	8.58577009929251	9.42139748245486	10.4450968215693
Sweden	PMRSP	234.360682560233	260.278851376019	293.172887444371	107.269224069647	120.701170988356	139.87817342581	6.68571346423834	7.3810830536123	8.29959682007591
Sweden	total	3860.86561781316	4381.21719602348	4959.4859741126	4029.07107644675	4570.53799660046	5119.77576364141	144.698362072153	166.987134092524	190.937105680424
Slovenia	ColRACI	0	0	0	0	0	0	0	0	0
Slovenia	CRACI	54.1276418283336	72.693083886317	92.3349468837261	30.9094392948624	35.9250529837179	41.2483639361882	2.3828794889527	3.14020009037487	3.96644797929208
Slovenia	MDRACI	4.68621119473603	10.1760134832962	17.1454818440894	3.52560466405772	5.94746916199701	8.51018287694513	0.209547240995664	0.509833587341033	0.895493494287625
Slovenia	VRE	35.585963760018	50.5055521107746	72.7207538612637	20.5258280159938	31.2869319635105	42.9179919138458	1.41237067065575	1.99189950102183	2.73321313215309
Slovenia	ColREC	0	0	0	0	0	0	0	0	0
Slovenia	CREC	0	0	0	0	0	0	0	0	0
Slovenia	3GCREC	761.468551856326	847.787759214039	939.783157614096	1195.80877488653	1363.27165332876	1529.28327642789	36.3705790922818	41.9747905094353	47.922182789672
Slovenia	ColRKP	0	0	0	0	0	0	0	0	0
Slovenia	CRKP	13.3583153573384	21.2002200144991	31.2651067785728	5.33075817668632	8.85625806287265	12.5055304577217	0.712355198439743	1.19326230988562	1.80527138071678
Slovenia	3GCRKP	300.397891434562	324.766656060438	349.551908510644	180.096797288826	199.742902677348	219.382731734924	9.9682258512248	10.837658333995	11.7434196059596
Slovenia	ColRPA	0	0	0	0	0	0	0	0	0
Slovenia	CRPA	207.900954920745	271.325584206659	345.367133152624	144.464986588752	172.982408198405	201.831763787799	8.92716127155856	11.806469475482	15.1620839492126
Slovenia	MDRPA	33.9411014690122	61.5590275162211	94.613491889329	16.8517462777075	23.6733844063108	30.6196183176009	0.825614884131263	1.50317143883657	2.27537246049055
Slovenia	MRSA	285.408291211879	314.158402695266	344.30621564629	259.18337367141	287.920829674856	317.515328691404	12.4186511990787	13.6197237722467	14.9203380209105
Slovenia	PRSP	140.455006516256	154.767390622183	173.479813619405	75.4827842841558	83.3226281328962	94.4689117809851	4.68847135046282	5.11465719820732	5.65293598694033
Slovenia	PMRSP	252.540873319684	287.267958015423	340.111744881454	59.6804974467425	67.3418336011912	78.6952353092985	3.72682970450089	4.14075986564268	4.67915417052834
Slovenia	total	2089.87080286889	2416.20764782512	2800.67975468149	1991.86059059572	2280.27135219186	2576.9789352346	81.6426859522827	95.8324260824689	111.755912970164
Slovakia	ColRACI	3.90198513855723	8.88673437401659	14.8865616650116	2.39552561675831	4.00881747082176	5.71175542154175	0.137295539532806	0.359623148680672	0.619737659904521
Slovakia	CRACI	344.433631867438	416.318007209807	493.219240618356	141.742691838852	159.949172448418	177.816519003206	11.2101072299208	13.9780479218057	16.9018268221089
Slovakia	MDRACI	215.142772516849	265.172011697201	318.453609267838	99.4367550038286	115.630528285111	131.769815785862	7.7391914585592	9.97251134777888	12.3691204025569
Slovakia	VRE	266.01161742974	329.93764928054	405.283410263574	117.976806261052	150.610899612993	186.832869491348	7.82446465299038	9.80512600594521	11.9485160894349
Slovakia	ColREC	8.65166437618361	14.0047905624007	20.1095331387442	14.5598797766446	20.925584743156	27.3615804439928	1.1258925108116	1.8583850739694	2.65003857438731
Slovakia	CREC	0	0	0	0	0	0	0	0	0
Slovakia	3GCREC	1664.53999988418	1858.07816663092	2080.02580899618	2357.47690553181	2646.16411115443	2931.02960920011	70.7703714563968	80.6814190833356	91.2699245954963
Slovakia	ColRKP	183.690962775564	250.137283311809	337.714391572232	24.2878180527524	31.4723933654723	38.8163342262434	5.36606252240117	6.98860123338304	8.97407528261321
Slovakia	CRKP	67.9862371761092	97.9416725918902	131.172427522448	11.3650401969938	15.72496896101	20.0963939752505	1.53403196575123	2.12777963783311	2.74783722474094
Slovakia	3GCRKP	2687.86719669959	2861.98618328546	3042.11905516526	1459.90155282206	1590.41503198187	1721.87656416133	80.6947867999951	86.0784862350127	91.9922914726081
Slovakia	ColRPA	95.6423894738701	148.291186715133	216.674858154618	30.331999392607	40.9922310791243	52.2058272853035	1.68244728730744	2.69798039657061	3.98659453167833
Slovakia	CRPA	2955.68083547673	3519.22399104063	4128.5843505908	1228.53968719987	1389.03677810203	1547.64690489205	76.7731475939306	93.8312462862732	112.676357057563
Slovakia	MDRPA	119.422408562022	162.685760326226	213.036250375466	89.3977610714697	112.785100153486	136.709048977031	4.93264575840287	7.19806253041874	9.80839554351424
Slovakia	MRSA	1668.67619914651	1786.08566273206	1910.92057286237	1208.8187060146	1310.4060652554	1417.75706805804	56.4723625555801	60.8135295719915	65.3787238070217
Slovakia	PRSP	41.3577059051322	47.2434424778093	54.6968226397373	29.8729379774634	34.3375940284932	40.3710932841363	1.86208321330697	2.11187975572718	2.41268407380294
Slovakia	PMRSP	0	0	0	0	0	0	0	0	0
Slovakia	total	10323.0056064285	11765.9925422359	13366.8968928326	6816.10406675677	7622.45927664181	8436.00138420544	328.124890544887	378.502678228726	433.736123137432
United Kingdom	ColRACI	93.3786183662816	186.860410526055	295.606308581016	34.9592659673466	49.7578032549769	65.6980736889919	2.11154513133514	4.34942836388001	6.59218868160688
United Kingdom	CRACI	29.2447487690515	64.4881520988663	107.551839346614	14.9990046056192	24.964798892448	35.5229950943067	0.845929999561959	2.1247339543821	3.74350364867075
United Kingdom	MDRACI	90.9814069994613	160.918969635028	255.532148418664	34.8031951103196	49.9659850535545	65.1348275640437	2.2482946292845	4.16869483466689	6.40418696058152
United Kingdom	VRE	2393.73918870155	2888.29259909337	3431.78046519474	1541.91062174398	1969.66726591643	2408.10652663284	107.376160791619	134.131693135807	164.461576834363
United Kingdom	ColREC	4874.78264368816	5835.05302429796	6892.37472050077	2468.48367300882	2803.92354278715	3157.71524013584	207.454195275723	245.433105278898	291.655209664496
United Kingdom	CREC	857.850869000166	1069.66200139447	1326.77593164441	761.924554626197	917.097565560344	1060.09044658883	39.9160635643444	50.2056500583609	61.6936554226666
United Kingdom	3GCREC	21495.0122728823	23673.9827181556	25797.0663652238	31137.6228504469	35135.4733655712	39243.8715848785	936.327226688487	1075.76680612539	1222.5642349381
United Kingdom	ColRKP	361.661551167817	500.370165330302	661.362443501305	91.4096520102838	123.026089444263	154.980817270927	20.2640106131876	27.3137911205339	35.6541409660591
United Kingdom	CRKP	275.43765030362	397.146335357692	533.814324433041	71.3200912452419	97.6961595522667	125.440731987445	9.56680610589387	13.316020090982	17.6074536683674
United Kingdom	3GCRKP	4227.18066899887	4572.67366499347	4952.15395809086	2681.67315084631	2958.81544578703	3242.29888002738	148.655030450059	160.851280891096	173.492588364725
United Kingdom	ColRPA	145.826795142016	284.559215998559	476.331598026117	80.2933220682157	128.492462263448	176.560635415114	3.89521278124087	8.62563561385586	14.3295796072598
United Kingdom	CRPA	1181.32139572115	1575.70088546599	2025.68000252152	644.99739018729	772.362075805473	899.850226876428	39.1909145975428	52.4923663417263	66.5254575821244
United Kingdom	MDRPA	1550.46441950248	2038.81137427355	2601.35213405456	801.651001187276	960.294980757128	1133.32575194939	46.6459772498665	61.7537885336897	79.4231734448244
United Kingdom	MRSA	7801.13597187923	8328.93655832245	8806.83933063445	6314.62867549845	6906.89363061944	7490.36680742314	301.838769939872	326.625104689211	352.694331184043
United Kingdom	PRSP	164.843898675954	198.283239872926	260.923303999792	40.033873731385	48.4543268860808	62.853469694236	2.50991839230074	2.99701561379723	3.65766535324991
United Kingdom	PMRSP	19.948305008645	24.7960569696847	34.1505469841803	19.3000791076642	23.8143135805234	35.3581703503923	1.19720028027892	1.48025121625728	1.96655606206642
United Kingdom	total	45562.8104048067	51800.535371786	58459.2954211558	46740.0104013913	52970.6998117318	59357.1751855778	1870.0432564906	2171.63536586253	2502.4655023832
